, 111

10000000 100011 0001001, comio 100000, 1000000001011 comederem, 001 1000,
010 1 000100 10 0010110010. 1100010 010 010 1110 0010110010 010 10 commun 11 11
0000010011 01 00 00010000, 010 101010’ 10 100 0000010 10010100 1110010100,
1 00 0000000 101100 001100, 010 10000100 1000000 1100 eum 10000100, 10 010·
10 vien 110 00000010. 11000 111000010000011, 1110111’ 10 10110 00000 10 0000

, 11010100, 1 100001011011 0001, 1 001 10 meceres, 101 mesu de 00000 000 10

demum de le 00110, 0001111 de multe contrade demandarem 0 00100100 10 01
10 veneciam, 10 0010 10110 0101 00100 01110 10· 01010, 1100010 010 10111 0111 vn·
10 010110, 1 010 10 sententie 010 11 101111000, 1 100000 10110, 00 1011 plasea,
0110 10 00100 mentiar, perche 010010 cusi 0001011110 00100100 10 01 1011100010.
,t 10000001010 10 000010 1 prese 010 1110111000 10000 011 00000, nume 10010
10 00001 0011000 10 0010110010, 000 010 me 000 010 set se puderse 10000 101 00
010 questa reson 10000 000100, 0110 00010 100 0 000100001010 10 0010110010. tneor
per 01011 (0000010011 1010110000 100000110 00000 000 000000,Ι 1 0101 00 quun·
10 10· 10000 000 10 001000 100011 00010 1000 010 010000 0000 01010 00000010 11
10 11 00 00000000, 1 zo 010 10 0000000 1111100001 10 00100 10ος 0 11 (000110 1111
00 0000000 1100000011 (0001 10 commun 100 11 00 se 1000 000001, 011 10 10000

00 00010000.

[10 lettre quon 0100110 1100 effre quelques (1111001110 110 lecture et 0000 0000000 nti·
le (10 donner eommuirement 101 10 resume 100 001010 100000110 0001010110 10 1100100. 11100010
00 rapport, 1010011οο 11011 110110 000 100 1000101000 unx 1101110000010001000 &Armenicum
0110000000000000110001 00100011100000001000 000 0011000000 01 meme de les 00010 0000 (100
metuite commis envers (100 1110111000. Un 0011001011100, 11110000 Βο10000, 00011 ete 000111
01 00100001 000 100 ermenteus, 01 ue precedent 1101110001000100000000001110 10 01000111
100 0000010010 01011100ιο 1101110001 10001010. 10 poids 10 1000001 00011 ete 011101, 01 nn 10
001011 00 010110ιο pour 0001 10 plus qu’t Venise Les 01101000 1001000000 01 du port 00000·
1010001100 0010010 110000010 permis (10 000110 unx 0001000100000000000 010111000, 01 meme
110 100 0001101001 1001 1 1011 suus de 1011100 0011000100. 100 1000101000 0010001001, 100 0000-
010010100 100110 001001110010 hors des 011100 011000 les villus, nu 0010010 100 consentione

⁴ 01100 1001110; ils 000001001 11000110 100 1010100010 10 0001οΙ010 01 tentarent 100 0001000 00-

ft

100 1010000000 01 10 0011000 101011011011 0000101100οσ0 ut 0000 00100111 01 10 00000000-
(0001000010100100001110010000 raison 1 000 0011000001. Α

1 10 10110. - 1 100 baites.

 

